59.52 85.71 24.17 
42.68 77.49 11.31 
41.85 43.92 25.28 
61.22 30.32 48.16 
55.68 89.14 0.91 
1.66 82.23 38.08 
24.92 19.52 30.37 
12.88 20.81 22.03 
9.91 12.55 40.49 
38.26 87.76 33.54 
51.92 54.55 13.18 
60.61 17.57 77.28 
40.64 22.63 40.98 
81.42 33.59 2.12 
6.05 47.94 6.02 
65.3 90.13 51.13 
33.34 50.56 71.18 
47.86 38.37 66.76 
10 91.41 60.95 
20.76 49.16 39.03 
40.07 71.91 77.7 
52.43 0.16 98.94 
7.43 11.47 42.63 
81.41 99.46 29.35 
89.78 66.22 65.13 
43.24 99.05 97.83 
50.56 32.09 71.56 
78.34 24.66 56.79 
91.66 79.03 2.9 
6.79 2.64 81.81 
74.04 94.72 6.33 
66.22 25.44 98.17 
74.61 37.08 28.07 
13.48 66.91 63.9 
32.09 25.23 80.19 
99.68 95.66 24.07 
74.39 22.18 19.39 
97.91 35.7 59.27 
9.12 1.58 95.59 
26.24 30.31 46.96 
97.47 51.78 1.12 
46.22 28.85 43.74 
12.19 50.24 32.29 
86.64 92.69 36.35 
2.35 30.02 68.7 
89.15 26.49 13.14 
9.22 26.83 49.4 
85.13 65.84 39.86 
6.15 23.33 44.15 
22.32 50.24 51.69 
21.11 28.65 60.23 
23.55 78.31 53.13 
55.4 43.11 14.67 
5.05 48.96 40.66 
82.64 96.49 26.31 
95.7 98.83 6.79 
81.25 92.44 96.3 
89.67 2.23 61.81 
1.81 59.47 43.31 
9.65 11.29 94.76 
27.22 16.25 80.82 
78.82 19.64 92.88 
38.66 49.12 94.53 
48.25 24.63 96.92 
58.95 67.39 41.21 
84.38 10.88 49.8 
27.02 18.7 49.33 
4.86 26.26 14.11 
44.16 55.67 26.59 
40.81 66.14 32.56 
32.52 96.43 65.15 
92.16 57.67 79.3 
1.38 81.62 4.81 
14.28 4.88 26.76 
48.89 87.36 48.89 
71.85 7.53 19.93 
27.33 92.58 0.56 
31.05 4.92 37.52 
91.98 58.8 91.91 
43.09 71.46 33.57 
45.93 15.48 36.41 
6.6 18.86 24.62 
14.96 77.53 28.1 
42.15 39.88 30.44 
61.25 2.24 53.91 
3.5 19.34 23.58 
16.54 86.43 86.3 
69.54 43.36 77.19 
91.43 25.07 82.18 
73.42 67.64 39.53 
93.45 14.63 67.87 
1.71 75.04 50.96 
76.24 14.83 30.99 
75.84 36.35 8.32 
13.54 70.49 88.53 
71.25 48.9 82.69 
95.51 39.6 65.12 
96.59 14.6 37.58 
5.12 83.77 66.24 
11.25 19.81 37.08 